% -------------------------------------------------------------------
%  Generated by MATLAB on 30-Jun-2016 19:18:11
%  MATLAB version: 8.5.0.197613 (R2015a)
% -------------------------------------------------------------------
                                                 

Cov_nu = ...
  [0.005 0 0 0;
   0 0.005 0 0;
   0 0 0.005 0;
   0 0 0 0.005];

Cov_r = ...
  [0.003 0 0;
   0 0.003 0;
   0 0 0.003];

X_a_0 = [0; 0; 0; 1; 0; 0; 0; 0; 0; 0; 0; 0; 0];

X_a_0_bus = struct;
X_a_0_bus.block = [];
X_a_0_bus.busName = 'slBus5';

X_a_0_sim = struct;
X_a_0_sim.X_a_0_Model_02 = [0; 0.562543950463012; 0.78756153064821666; ...
                            0.22501758018520479; 0.1125087900926024; 0.5; ...
                            -0.1; -0.7; 2.5; 1; -1; 0.01; -0.01; 0.02];
X_a_0_sim.eulerAngles_X_a_0 = [1.9207 -0.076 2.6382];

X_a_0_struct = struct;
X_a_0_struct.q = struct;
X_a_0_struct.q.q_1 = 0;
X_a_0_struct.q.q_2 = 0;
X_a_0_struct.q.q_3 = 0;
X_a_0_struct.q.q_0 = 1;
X_a_0_struct.omega = struct;
X_a_0_struct.omega.omega_x = 0;
X_a_0_struct.omega.omega_y = 0;
X_a_0_struct.omega.omega_z = 0;
X_a_0_struct.r = struct;
X_a_0_struct.r.r_x = 0;
X_a_0_struct.r.r_y = 0;
X_a_0_struct.r.r_z = 0;
X_a_0_struct.r_dot = struct;
X_a_0_struct.r_dot.r_x_dot = 0;
X_a_0_struct.r_dot.r_y_dot = 0;
X_a_0_struct.r_dot.r_z_dot = 0;

e_force_x = 0;

e_force_y = 0;

e_force_z = 0;

flag_queue = Simulink.Signal;
flag_queue.CoderInfo.StorageClass = 'Auto';
flag_queue.CoderInfo.Alias = '';
flag_queue.CoderInfo.Alignment = -1;
flag_queue.CoderInfo.CustomStorageClass = 'Default';
flag_queue.CoderInfo.CustomAttributes.ConcurrentAccess = false;
flag_queue.Description = '';
flag_queue.DataType = 'auto';
flag_queue.Min = [];
flag_queue.Max = [];
flag_queue.DocUnits = '';
flag_queue.Dimensions = 1;
flag_queue.DimensionsMode = 'Fixed';
flag_queue.Complexity = 'auto';
flag_queue.SampleTime = -1;
flag_queue.SamplingMode = 'auto';
flag_queue.InitialValue = '';

i_xx = 4;

i_yy = 8;

i_zz = 5;

ita = [0.12; 0.05; -0.15; 0.98];

lastUpdate_X_a = Simulink.Signal;
lastUpdate_X_a.CoderInfo.StorageClass = 'Auto';
lastUpdate_X_a.CoderInfo.Alias = '';
lastUpdate_X_a.CoderInfo.Alignment = -1;
lastUpdate_X_a.CoderInfo.CustomStorageClass = 'Default';
lastUpdate_X_a.CoderInfo.CustomAttributes.ConcurrentAccess = false;
lastUpdate_X_a.Description = '';
lastUpdate_X_a.DataType = 'auto';
lastUpdate_X_a.Min = [];
lastUpdate_X_a.Max = [];
lastUpdate_X_a.DocUnits = '';
lastUpdate_X_a.Dimensions = -1;
lastUpdate_X_a.DimensionsMode = 'auto';
lastUpdate_X_a.Complexity = 'auto';
lastUpdate_X_a.SampleTime = -1;
lastUpdate_X_a.SamplingMode = 'auto';
lastUpdate_X_a.InitialValue = 'X_a_0';

n = 0.0012;

om = struct;
om.omega_x = 0;
om.omega_y = 0;
om.omega_z = 0;

om_x_0 = 0;

om_y_0 = 0;

om_z_0 = 0;

p = [0.75; 0.125; -0.8];

p_x = 0.75;

p_x_0 = 2;

p_y = 0.125;

p_y_0 = -0.5;

p_z = -0.8;

p_z_0 = -2;

parameter_gravitation = 3.986005E+14;

q = struct;
q.q_1 = 0;
q.q_2 = 0;
q.q_3 = 0;
q.q_0 = 1;

q_0_0 = 1;

q_1_0 = 0;

q_2_0 = 0;

q_3_0 = 0;

r = struct;
r.r_x = 0;
r.r_y = 0;
r.r_z = 0;

r_dot = struct;
r_dot.r_x_dot = 0;
r_dot.r_y_dot = 0;
r_dot.r_z_dot = 0;

r_dot_x_0 = 0;

r_dot_y_0 = 0;

r_dot_z_0 = 0;

r_x_0 = 0;

r_y_0 = 0;

r_z_0 = 0;

rho = [0.2; 0.1; 0.05];

rho_c = [0; 0; 0.9];

sig_f = 2E-6;

sig_p = 0.0001;

sig_tau = 2.5E-5;

sig_theta = 1E-6;

t_Kalman = 0.001;

t_Sim = 0.001;

t_delay = 2;

t_delta = 0.1;

tau_1 = 0;

tau_2 = 0;

tau_3 = 0;

totalSimulationTime = 200;

